Team,Rating_0,Rating_1,Rating_2,Rating_3,Rating_4,Rating_5,Rating_6,Rating_7,Rating_8,Rating_9,Rating_10,Rating_11,Rating_12,Rating_13,Rating_14,Rating_15,Rating_16,Rating_17,Rating_18,Rating_WildCard,Rating_Division,Rating_ConfChamp,Rating_SuperBowl
Kansas City Chiefs,104.64513621347905,105.36848896941154,104.44072949263494,104.44583340449799,105.1640259876076,106.30371582968748,106.30371582968748,107.64013999433034,107.15413421441774,106.80802666655222,106.09252149502166,105.20002085604467,104.12055310746513,102.56450976931269,102.62500308914682,103.75398930668447,104.22353034360455,106.36986982311738,104.00418613062284,104.00418613062284,104.7056741151446,105.0910448167231,103.69781165240504
Philadelphia Eagles,97.44563821752975,98.6305395306051,97.92211721752815,99.63251946783971,97.77366176953278,97.77366176953278,97.62854927993503,100.10215572706231,102.84335656802887,102.49419681817774,104.60678181123153,104.971184181258,106.83593990671748,107.77450665327157,106.37106121207707,107.59468698556134,106.59100906034925,107.58962193893815,106.28102818893815,107.47213583266789,107.42360130221694,109.16705511589606,110.56028828021412
Pittsburgh Steelers,101.04606410724635,101.90806745268176,102.71536679659954,103.56820276431233,102.80066361720242,101.92240068913308,103.68989422787836,105.11982973001989,104.5157188299551,104.5157188299551,104.58048083635555,104.70898135324089,102.8337762298108,103.69777507555735,103.99894667250263,102.77532089901835,101.34821517473902,99.20187569522619,99.18289032599915,99.01768224845001,99.01768224845001,99.01768224845001,99.01768224845001
Buffalo Bills,103.82477596374449,103.48777270628916,105.58788488517064,106.48109367750854,104.19545752240326,103.43047238994447,103.69261194025269,104.69311142050519,106.64193655565022,105.1858335002349,105.99502512217421,106.8875257611512,106.8875257611512,107.93287690481723,106.83150607604153,108.08145718379197,106.24942593379197,106.89760891306271,104.493094814245,106.53581126499745,106.92778947384241,106.54241877226391,106.54241877226391
New Orleans Saints,102.21214817004213,103.07506192185497,105.71546083446778,104.00505858415622,103.15049059909201,102.01080075701213,99.35647408817877,97.07607782658236,95.65477597666563,95.15034571043074,95.86545042441055,97.66605197359326,97.66605197359326,96.50612286440163,96.71685142360825,96.81525148044678,96.32870627489473,93.69809488659945,94.41313620536923,94.41313620536923,94.41313620536923,94.41313620536923,94.41313620536923
Chicago Bears,100.83670964749746,100.96178506141061,100.39594322293759,99.68933950597541,100.2340373063031,101.3146368611862,102.71300830914609,102.71300830914609,102.43564706861616,99.85633430769262,96.47022818353256,96.903580310043,97.09565372591943,98.69001430112941,96.81805802457076,95.84704711902634,94.76510011398696,94.82563655522242,97.10092242645321,97.10092242645321,97.10092242645321,97.10092242645321,97.10092242645321
New England Patriots,96.59228238214578,98.28472473919366,97.77241392650132,95.94985022841348,95.0060773147056,93.8802909865839,92.137232225464,90.83118782035591,91.92465389019377,92.25761183388076,95.64371795804082,95.04495685408955,93.67934398216494,93.73221870464113,93.73221870464113,93.03043004883004,94.86246129883004,93.24562162322343,95.65013572204114,95.65013572204114,95.65013572204114,95.65013572204114,95.65013572204114
Houston Texans,100.10133800402659,100.36054698495171,100.92638882342473,99.15552067154059,99.07240800533664,99.83739313779543,101.58045189891533,102.06197333538611,101.7776261336146,100.45208881669788,100.84129298548727,102.89372438919663,100.8439374726244,101.03027662702027,101.03027662702027,101.6193167802314,101.14977574331132,99.52615390440302,100.1335218170032,102.6420037112154,101.94051572669363,101.94051572669363,101.94051572669363
Miami Dolphins,100.37030337260272,100.25919816543468,98.15908598655321,96.49420970613903,93.6802464165899,94.8060327447116,94.8060327447116,94.90200153553701,94.79189424896245,96.24799730437776,98.26168597453844,99.33203565632897,100.69764852825358,99.78812560131507,99.80879137729882,99.21975122408769,100.56969105280291,102.09744366251522,100.0051938531405,100.0051938531405,100.0051938531405,100.0051938531405,100.0051938531405
Minnesota Vikings,98.54233419282248,101.09113952724246,102.11659145642108,103.88745960830522,104.45455998817478,104.36794812531468,104.36794812531468,104.13603214645573,102.43551446416386,102.79379227585052,103.09279340581405,103.6485582018832,103.45648478600677,102.89054035248124,104.12060259974533,105.09161350528974,105.19557332628838,105.56639746732125,103.92963427662656,101.62995289306029,101.62995289306029,101.62995289306029,101.62995289306029
Seattle Seahawks,99.13718741273053,99.6469455410755,100.15925635376784,101.82413263418202,100.6377628531394,98.64787225796759,97.34011232977267,100.30843290363495,98.35960776848992,97.5649714502374,97.5649714502374,99.0268830291023,100.3977139678608,100.86486524065683,102.74755488180665,100.60885975195748,100.50489993095884,100.44436348972339,101.635546128682,101.635546128682,101.635546128682,101.635546128682,101.635546128682
Los Angeles Chargers,98.25920455906676,99.8553700264538,101.50975403978632,100.65691807207352,99.93872548896391,99.93872548896391,101.52652353359123,100.9375930955088,102.35889494542553,104.13865015873489,103.93490929017891,104.22805004147878,103.20811955958565,103.30398006154597,103.24348674171185,100.62195912177107,101.78410332739679,103.4009430030034,104.58000927463317,102.07152738042097,102.07152738042097,102.07152738042097,102.07152738042097
Dallas Cowboys,101.9944661781694,103.97524570444001,101.3348467918272,100.9020579609904,101.36635482097948,102.24461774904881,100.03904955586685,100.03904955586685,99.9266304027654,99.36093691696846,97.24835192391467,95.1959205202053,97.34012095147418,97.37353958255463,96.54184325848091,98.69652897287258,99.4993929956042,98.5007801170153,98.09769711687598,98.09769711687598,98.09769711687598,98.09769711687598,98.09769711687598
Tampa Bay Buccaneers,101.32289776666619,102.40967151699716,103.37757575556327,100.15032437294848,102.00918207125541,101.0041839716671,103.65851064050047,102.33508729070412,100.78644563706581,101.13255318493133,100.68834395460595,100.68834395460595,102.41401419629693,101.84038001286959,102.48751343447128,105.10904105441206,104.30617703168045,104.88509825056315,104.17005693179337,103.20870247544156,103.20870247544156,103.20870247544156,103.20870247544156
Detroit Lions,103.16497688508427,103.52900047701638,102.56109623845028,103.48094968316143,104.66731946420404,104.66731946420404,106.872887657386,107.10480363624495,107.52786110710605,108.70349873079829,108.3142945620089,108.82608751125115,110.002231109247,108.40787053403703,108.1061782752006,106.85622716745017,107.93817417248955,107.78140219179517,109.41816538248986,109.41816538248986,106.45639585265936,106.45639585265936,106.45639585265936
San Francisco 49ers,104.68469524301044,105.20462187894415,104.17916994976554,103.46054184568229,104.40431475939016,102.93143713242665,104.23919706062158,102.90277289597871,103.01519204908017,103.01519204908017,103.45940127940554,101.99748970054064,100.15307375192097,99.10772260825493,100.97967888481358,99.81290230060642,98.4629624718912,98.61973445258559,96.7024591961736,96.7024591961736,96.7024591961736,96.7024591961736,96.7024591961736
Cleveland Browns,98.85397644124386,96.87319691497325,98.09196288200552,96.70736176505557,96.55329469538866,94.94193542849567,95.08704791809342,94.69685284871515,96.68221941393047,94.90246420062111,94.90246420062111,93.10186265143841,94.9770677748685,95.27645847049087,94.97528687354558,93.84630065600793,92.96726428187968,91.43951167216737,91.43951167216737,91.43951167216737,91.43951167216737,91.43951167216737,91.43951167216737
Green Bay Packers,103.77759944318866,102.5926981301133,102.41942275592335,103.94392923022541,103.37682885035585,103.83283001192117,104.9829451175494,104.50142368107862,104.23464518928316,103.05900756559092,103.05900756559092,102.62565543908048,104.47007138770014,105.37959431463865,105.68128657347508,107.81998170332425,108.3065269088763,107.93570276784342,105.66041689661263,104.4693092528829,104.4693092528829,104.4693092528829,104.4693092528829
Washington Commanders,94.90498866209936,93.81821491176838,94.22366511879649,95.99513795175497,98.96243089727264,100.57379016416563,100.65295280791355,101.31627868264037,101.5936399231703,101.73342356805158,101.66866156165113,101.30425919162467,99.1600587603558,100.74599707921847,100.74599707921847,100.64759702237994,101.65127494759203,101.69769703870534,102.10078003884466,103.06213449519647,106.02390402502698,104.28045021134785,104.28045021134785
New York Jets,97.93505893588537,97.41513229995165,98.56756999746347,100.3901336955513,100.06988321265524,100.15649507551534,99.89435552520712,98.46442002306559,97.37095395322773,98.69649127014445,96.94400935586052,96.69039339841316,96.69039339841316,96.22324212561713,96.20257634963339,97.57142644860411,96.47989780261554,95.8317148233448,97.92396463271952,97.92396463271952,97.92396463271952,97.92396463271952,97.92396463271952
Las Vegas Raiders,100.73396051618204,99.137795048795,100.55972413878115,97.25282042932396,97.40688749899087,96.15202400276026,94.38453046401499,94.64899239522867,95.13499817514128,93.71826757008039,93.71826757008039,92.64791788828985,92.50678804314445,94.06283138129689,93.4156979596952,92.71490135881469,93.50331670798988,96.13392809628516,94.9548618246554,94.9548618246554,94.9548618246554,94.9548618246554,94.9548618246554
Arizona Cardinals,97.5266604713182,97.86366372877352,100.31323107229423,99.39337762758308,96.42608468206541,97.89896230902892,96.74884720340069,97.33777764148311,97.44788492805768,100.02719768898122,101.77967960326515,101.77967960326515,100.40884866450665,100.97479309803218,99.09210345688236,99.79389211269344,98.36214967064669,98.69112458530948,100.60839984172146,100.60839984172146,100.60839984172146,100.60839984172146,100.60839984172146
Atlanta Falcons,97.35612057050558,96.49411722507017,97.20253953814712,97.19743562628408,98.05200361134828,99.05700171093659,100.74620492668201,97.77788435281973,99.32652600645804,99.89221949225498,99.17711477827517,97.66347250255755,97.66347250255755,97.56761200059724,96.33754975333315,97.03834635421366,98.28321585019772,98.2367937590844,96.52442778577725,96.52442778577725,96.52442778577725,96.52442778577725,96.52442778577725
Indianapolis Colts,97.80496589072958,97.54575690980445,97.71903228399441,98.42563600095659,99.1931751480665,98.79597958802965,99.26221320856303,99.16624441773762,99.45059161950913,99.09231380782246,98.28312218588316,98.53673814333051,97.36059454533465,97.30771982285846,97.30771982285846,96.21606976882843,96.6310332642745,94.56736287831347,94.79545763488453,94.79545763488453,94.79545763488453,94.79545763488453,94.79545763488453
New York Giants,98.74257898981459,96.19377365539461,95.7883234483665,97.17292456531645,96.70862770532737,98.69851830049919,97.25413989343657,94.78053344630929,95.38464434637407,95.2448607014928,94.59836237134056,94.59836237134056,92.87269212964958,92.83927349856913,92.62854493936251,91.82857190299576,90.5837024070117,92.64737279297273,93.95596654297273,93.95596654297273,93.95596654297273,93.95596654297273,93.95596654297273
Denver Broncos,99.3098454953751,98.80008736703013,97.99278802311235,101.22003940572715,101.5402898886232,102.79515338485382,101.2073553402265,103.48775160182291,103.30073694373992,101.61747863671508,102.33298380824564,103.84662608396326,103.98775592910866,103.6883652334863,103.6883652334863,104.78001528751632,103.6178710818906,103.01461638458355,105.38030007707809,103.33758362632564,103.33758362632564,103.33758362632564,103.33758362632564
Carolina Panthers,94.08354773351574,93.2206339817029,91.56624996837039,94.87315367782757,93.76894629025398,92.68834673537087,90.99914351962545,90.33581764489863,90.52283230298161,91.0272625692165,91.67376089936874,91.67376089936874,92.75322864794829,93.32686283137564,94.73030827257014,92.57562255817847,94.00736500022522,93.42844378134252,95.14080975464968,95.14080975464968,95.14080975464968,95.14080975464968,95.14080975464968
Baltimore Ravens,105.45003980843423,104.72668705250173,103.30475796251558,103.73754679335238,106.02318294845766,105.90154156378317,105.82237892003525,107.14580226983159,105.16043570461628,106.84369401164112,105.83964791799521,105.71114740110987,106.731077883003,105.79251113644891,105.79251113644891,106.59248417281566,108.01958989709499,109.6432117360033,109.6432117360033,109.80841981355243,109.41644160470747,109.41644160470747,109.41644160470747
Los Angeles Rams,102.22396209245441,101.8599385005223,99.41037115700159,100.12899926108484,99.58430146075716,99.12830029919184,99.12830029919184,98.86383836797815,100.56435605027002,101.35899236852255,99.34530369836187,99.94406480231315,98.07930907685366,99.23923818604528,100.34060901482098,101.50738559902814,102.59891424501672,102.26993933035392,101.07875669139531,103.37843807496158,103.42697260541253,103.42697260541253,103.42697260541253
Cincinnati Bengals,101.24838024757796,99.55593789053007,100.48369736730668,98.7122245343482,99.81643192192179,99.93807330659628,101.3824517136589,101.77264678303716,99.0314459420706,100.4481765471315,101.4522226407774,101.15908188947753,101.15908188947753,100.29508304373098,101.1267793678047,101.85169538170605,102.7307317558343,103.33398645314135,103.35297182236839,103.35297182236839,103.35297182236839,103.35297182236839,103.35297182236839
Tennessee Titans,97.06970280791683,96.94462739400367,95.79218969649186,94.2676832221898,97.08164651173894,97.08164651173894,96.61541289120557,95.61491341095306,95.19185594009197,94.85889799640498,95.06263886496096,94.5068740688918,96.55666098546403,94.97072266660136,94.3892430885947,93.66432707469335,93.24936357924727,92.89033959733926,92.28297168473908,92.28297168473908,92.28297168473908,92.28297168473908,92.28297168473908
Jacksonville Jaguars,98.79845357789412,98.90955878506216,97.69079281802989,96.79758402569199,96.88069669189593,97.27789225193278,95.8795208039729,97.18556520908099,97.45234370087645,97.80150345072758,97.50250232076405,96.9907093715218,96.9907093715218,96.80437021712594,97.3858497951326,96.01699969616188,95.22858434698668,95.58760832889469,95.35951357232364,95.35951357232364,95.35951357232364,95.35951357232364,95.35951357232364
