Team,Rating_0,Rating_1,Rating_2,Rating_3,Rating_4,Rating_5,Rating_6,Rating_7,Rating_8,Rating_9,Rating_10,Rating_11,Rating_12,Rating_13,Rating_14,Rating_15,Rating_16,Rating_17,Rating_18
Kansas City Chiefs,104.64513621347905,105.50857250029706,104.72089655440598,104.54925444878455,105.08653119920146,106.3776189660295,106.3776189660295,107.56251023493856,106.93054201244716,106.79143579047647,106.20179671671491,105.12837313070003,103.9332420776635,103.9332420776635,103.9332420776635,103.9332420776635,103.9332420776635,103.9332420776635,103.9332420776635
Philadelphia Eagles,97.44563821752975,98.77062306149064,98.2022842792992,99.73114288204401,97.73762709780789,97.73762709780789,97.70819205848981,100.0365676690405,102.61578053032456,102.45895041897462,104.40888674392222,104.95946833599513,106.68711717244423,106.68711717244423,106.68711717244423,106.68711717244423,106.68711717244423,106.68711717244423,106.68711717244423
Pittsburgh Steelers,101.04606410724635,101.76798392179624,102.4351997348285,103.45998408994349,102.58005645325647,101.86894428250704,103.48803616157515,105.08762945999901,104.65209531306851,104.65209531306851,104.55838997605923,104.8408886759306,102.80326061684771,102.80326061684771,102.80326061684771,102.80326061684771,102.80326061684771,102.80326061684771,102.80326061684771
Buffalo Bills,103.82477596374449,103.6278562371747,105.58788488517064,106.62597483847635,104.16359266588661,103.26740929237077,103.39656006327425,104.59433081529613,106.43336846233171,105.1494630078904,105.79221405924037,106.86563764525525,106.86563764525525,106.86563764525525,106.86563764525525,106.86563764525525,106.86563764525525,106.86563764525525,106.86563764525525
New Orleans Saints,102.21214817004213,103.21514545274049,105.67879834786882,104.14993974512402,103.15945804438252,101.86837027755448,99.39103609259169,97.25384186072235,95.62961661589854,94.95948235193862,95.87942500674922,97.83325461475452,97.83325461475452,97.83325461475452,97.83325461475452,97.83325461475452,97.83325461475452,97.83325461475452,97.83325461475452
Chicago Bears,100.83670964749746,101.10186859229614,100.35928073633865,99.51259348849095,100.20634226499467,101.43498363269183,102.95154761590922,102.95154761590922,102.5002671915525,99.75806848463739,96.50868263859583,97.09915092445107,97.38921984992699,97.38921984992699,97.38921984992699,97.38921984992699,97.38921984992699,97.38921984992699,97.38921984992699
New England Patriots,96.59228238214578,98.14464120830814,97.80907641310027,95.80496906744567,94.7127729924358,93.79748098293737,92.22722621247,90.74771262596404,91.97314367026982,92.13364473594928,95.38303058199084,94.98635464886249,93.47668987166512,93.47668987166512,93.47668987166512,93.47668987166512,93.47668987166512,93.47668987166512,93.47668987166512
Houston Texans,100.10133800402659,100.22046345406618,100.96305131002367,99.05209962725401,99.10844267706155,100.00462605057739,101.57488082104476,101.92408044519723,101.80231842491061,100.29715543703756,100.83640734163278,102.74350119081947,100.85061398160259,100.85061398160259,100.85061398160259,100.85061398160259,100.85061398160259,100.85061398160259,100.85061398160259
Miami Dolphins,100.37030337260272,100.3992816963202,98.43925304832426,96.59283312034333,93.9250066215101,94.84029863100852,94.84029863100852,94.77506166738209,94.82873516885745,96.11264062329876,98.01762123788977,99.24310796324713,100.7527727404445,100.7527727404445,100.7527727404445,100.7527727404445,100.7527727404445,100.7527727404445,100.7527727404445
Minnesota Vikings,98.54233419282248,100.95105599635694,102.15325394302003,104.0642056257897,104.45393217330073,104.51220147140845,104.51220147140845,104.40837494822931,102.54253382089969,103.01007195527545,103.13798484394717,103.52250095213536,103.23243202665944,103.23243202665944,103.23243202665944,103.23243202665944,103.23243202665944,103.23243202665944,103.23243202665944
Seattle Seahawks,99.13718741273053,99.78702907196102,100.12259386716889,101.96901379514982,100.63713503826534,98.78858360372715,97.61876646874592,100.44116832680427,98.60213067976869,97.94787431317268,97.94787431317268,99.2324456988987,100.73917286906492,100.73917286906492,100.73917286906492,100.73917286906492,100.73917286906492,100.73917286906492,100.73917286906492
Los Angeles Chargers,98.25920455906676,99.99545355733932,101.47309155318737,100.44830719807238,99.91103044765548,99.91103044765548,101.35061529151159,100.63514801951396,102.25937326433777,103.91016551166953,103.87294712657429,104.30390167211453,103.40500057408144,103.40500057408144,103.40500057408144,103.40500057408144,103.40500057408144,103.40500057408144,103.40500057408144
Dallas Cowboys,101.9944661781694,103.83516217355448,101.37150927842615,101.07400634839259,101.35258974560668,102.06370191635611,100.0544666137062,100.0544666137062,99.81799751657766,99.15325245422834,97.20331612928074,95.29622228009404,97.2830497245692,97.2830497245692,97.2830497245692,97.2830497245692,97.2830497245692,97.2830497245692,97.2830497245692
Tampa Bay Buccaneers,101.32289776666619,102.54975504788268,103.37757575556327,100.29040790383401,102.28392368807013,101.14380399860265,103.62113818356544,102.44781003943355,101.07422524173344,101.21333146370414,100.93291932074632,100.93291932074632,102.48712346365527,102.48712346365527,102.48712346365527,102.48712346365527,102.48712346365527,102.48712346365527,102.48712346365527
Detroit Lions,103.16497688508427,103.6690840079019,102.84126330022131,103.58437072744799,104.91624948433247,104.91624948433247,106.92548478698238,107.02931131016152,107.59496297248239,108.62470972306626,108.08545781847104,108.78696574542897,109.7979637085803,109.7979637085803,109.7979637085803,109.7979637085803,109.7979637085803,109.7979637085803,109.7979637085803
San Francisco 49ers,104.68469524301044,105.34470540982967,104.14250746316658,103.25193097168115,104.34412704669101,103.05578940821643,104.22560654319766,103.0407152742886,103.27718437141714,103.27718437141714,103.55759651437495,102.27302512864892,100.25397388723167,100.25397388723167,100.25397388723167,100.25397388723167,100.25397388723167,100.25397388723167,100.25397388723167
Cleveland Browns,98.85397644124386,97.01328044585878,98.05530039540658,96.81078280934214,96.49019279722938,94.71939458855891,94.74882962787699,94.53565459352428,96.66767876616895,95.01688651883718,95.01688651883718,93.06305691083188,95.10068496991477,95.10068496991477,95.10068496991477,95.10068496991477,95.10068496991477,95.10068496991477,95.10068496991477
Green Bay Packers,103.77759944318866,102.45261459922777,102.45608524252229,103.83571055585654,103.4459840083455,103.71918589259599,105.03668747111782,104.68748784696534,104.25736855886703,103.22762180828316,103.22762180828316,102.63715352242792,104.65620476384518,104.65620476384518,104.65620476384518,104.65620476384518,104.65620476384518,104.65620476384518,104.65620476384518
Washington Commanders,94.90498866209936,93.67813138088286,94.26032760539545,95.88691927738613,98.75141899349126,100.52221720216173,100.45386219088279,101.29625299976274,101.74753342411947,101.72931479724878,101.82302013425806,101.27243854218516,99.28561109771,99.28561109771,99.28561109771,99.28561109771,99.28561109771,99.28561109771,99.28561109771
New York Jets,97.93505893588537,97.27504876906613,98.28740293569241,100.29151028134702,100.10591788438015,100.04764858627243,99.91849781536895,98.3189045169451,97.09347347263932,98.59863646051237,96.72584512145468,96.63152537969606,96.63152537969606,96.63152537969606,96.63152537969606,96.63152537969606,96.63152537969606,96.63152537969606,96.63152537969606
Las Vegas Raiders,100.73396051618204,98.99771151790948,100.27955707701011,97.15419701511968,97.47478702723244,96.03500219402495,94.41591031495685,94.52643722110626,95.15840544359766,93.58923863183219,93.58923863183219,92.36375190647483,92.39136096023152,92.39136096023152,92.39136096023152,92.39136096023152,92.39136096023152,92.39136096023152,92.39136096023152
Arizona Cardinals,97.5266604713182,97.72358019788798,100.31323107229423,99.57012364506755,96.70562392896242,97.99396156743701,96.67645998891518,97.39192726091281,97.33825375943745,100.08045246635255,101.95324380541024,101.95324380541024,100.44651663524402,100.44651663524402,100.44651663524402,100.44651663524402,100.44651663524402,100.44651663524402,100.44651663524402
Atlanta Falcons,97.35612057050558,96.63420075595569,97.20253953814712,97.37418164376855,98.36466334451003,99.50478303397752,100.9802678018012,98.15786594374285,99.53145074144295,100.19619580379228,99.27625314898168,97.57669489347114,97.57669489347114,97.57669489347114,97.57669489347114,97.57669489347114,97.57669489347114,97.57669489347114,97.57669489347114
Indianapolis Colts,97.80496589072958,97.68584044068999,97.68236979739547,98.52905704524316,99.40898468193018,98.81105437435869,99.13506747596519,99.20030443959162,99.32206645987824,98.85452832550249,98.21177727415252,98.30609701591115,97.29509905275982,97.29509905275982,97.29509905275982,97.29509905275982,97.29509905275982,97.29509905275982,97.29509905275982
New York Giants,98.74257898981459,96.33385718628013,95.75166096176754,96.99617854783197,96.71759515061788,98.56614658515608,97.29444803745656,94.96607242690588,95.40160657383637,95.41982520070707,94.60311871116734,94.60311871116734,93.0489145682584,93.0489145682584,93.0489145682584,93.0489145682584,93.0489145682584,93.0489145682584,93.0489145682584
Denver Broncos,99.3098454953751,98.66000383614461,97.99278802311235,101.07995587484162,101.26554827180848,102.70533310501597,101.26574826115986,103.4029424930292,103.3566056369897,101.49224110756985,102.08188018133141,103.78143843684195,103.75382938308526,103.75382938308526,103.75382938308526,103.75382938308526,103.75382938308526,103.75382938308526,103.75382938308526
Carolina Panthers,94.08354773351574,93.08055045081738,91.60291245496933,94.72827251685976,93.80206677651873,92.57342540882158,91.09794064099789,90.25554983211794,90.30188668815744,90.97202095211736,91.78872744165709,91.78872744165709,92.98385849469362,92.98385849469362,92.98385849469362,92.98385849469362,92.98385849469362,92.98385849469362,92.98385849469362
Baltimore Ravens,105.45003980843423,104.58660352161621,103.30475796251558,103.60226089254914,106.06464306513888,105.79315857849022,105.86151358976916,107.03484173390105,104.90281756125638,106.76718209067623,105.92388992151169,105.64139122164032,106.54029231967341,106.54029231967341,106.54029231967341,106.54029231967341,106.54029231967341,106.54029231967341,106.54029231967341
Los Angeles Rams,102.22396209245441,101.71985496963678,99.13020409523054,100.02078058671597,99.32703181021225,99.05382992596176,99.05382992596176,98.94330301981235,100.80914414714196,101.46340051373798,99.55841989914697,99.95509583227532,98.2274469958262,98.2274469958262,98.2274469958262,98.2274469958262,98.2274469958262,98.2274469958262,98.2274469958262
Cincinnati Bengals,101.24838024757796,99.6960214214156,100.48369736730668,98.857105695316,99.78331143565703,100.05479592230569,101.3264944700052,101.5396695043579,98.96045664307384,100.52962345483931,101.37291562400385,100.9419610784636,100.9419610784636,100.9419610784636,100.9419610784636,100.9419610784636,100.9419610784636,100.9419610784636,100.9419610784636
Tennessee Titans,97.06970280791683,96.80454386311814,95.79218969649186,94.41256438315762,97.08039088199085,97.08039088199085,96.75637778038435,95.55860702836247,94.9929553660416,94.83245430036214,94.86967268545739,94.4851565772692,96.37804378648607,96.37804378648607,96.37804378648607,96.37804378648607,96.37804378648607,96.37804378648607,96.37804378648607
Jacksonville Jaguars,98.79845357789412,98.76947525417664,97.72745530462885,96.68936535132313,96.6330223015156,97.23095260908708,95.71438862586969,97.19390221237565,97.62402150047396,97.78085161182389,97.65293872315218,96.95143079619424,96.95143079619424,96.95143079619424,96.95143079619424,96.95143079619424,96.95143079619424,96.95143079619424,96.95143079619424
